30
  0   5   7   4   9  13  18  13  16  17  21  16  13  16  17  13  22  20  23  28  34  37  24  11  12  18  18  22  30   7 
  3   0  10   7  12  16  21  16  19  20  24  19  16  19  20  16  25  23  26  31  37  40  27  14  15  21  21  25  33   2 
  5  10   0   9   8  12  14   8  11  12  16   9   6   9  10   6  15  13  16  21  27  30  19  16  17  23  13  15  25  12 
  6  11  13   0   5   9  14   9  12  13  17  12   9  12  17  19  22  16  19  24  30  33  20   7   8  14  14  18  26  13 
  9  14   8   3   0   4   9   4   7   8  12   7   4   7  12  14  17  11  14  19  25  28  15  10  11  17   9  13  21  16 
 15  20  14   9   6   0   5  10  10  11  15  13  10  13  18  20  23  17  20  25  31  34  18  16  17  23  12  19  24  22 
 18  23  17  12   9   3   0  10   5   6  10  13  13  16  21  23  26  17  20  25  31  34  13  19  20  26   7  19  19  25 
 11  16   8   5   2   6   6   0   3   4   8   4   4   7  12  14  17   8  11  16  22  25  11  12  13  19   5  10  17  18 
 16  21  13  10   7   6   3   5   0   1   5   8   9  12  17  19  22  12  15  20  26  29   8  17  18  24   2  14  14  23 
 19  24  16  13  10   7   4   8   3   0   4  11  12  15  20  22  25  15  18  23  29  32   7  20  21  27   5  17  13  26 
 21  26  18  15  12   9   6  10   5   2   0  13  14  17  22  24  27  17  20  20  26  29   3  22  23  29   7  19   9  28 
 10  15   5   6   3   7   8   2   5   6  10   0   1   4   9  11  14   4   7  12  18  21  13  13  14  20   4   6  19  17 
  9  14   4   5   2   6   8   2   5   6  10   3   0   3   8  10  13   7  10  15  21  24  13  12  13  19   7   9  19  16 
 10  15   5   6   3   7   9   3   6   7  11   4   1   0   5   7  10   4   7  12  18  21  14  13  14  20   8   6  20  17 
 11  16   6   9   6  10  12   6   9  10  14   7   4   3   0   2   5   7  10  15  21  24  17  16  17  23  11   9  23  18 
  9  14   4  13  10  14  16  10  13  14  18  11   8   7   4   0   9  11  14  19  25  28  21  20  21  27  15  13  27  16 
 14  19   9  12   9  13  15   9  12  13  17  10   7   6   3   5   0  10  13  18  24  27  20  19  20  26  14  12  26  21 
 12  17   7   8   5   9  10   4   7   8  12   2   3   2   7   9  12   0   3   8  14  17  15  15  16  22   6   2  17  19 
 15  20  10  11   8  12  13   7  10  11  15   5   6   5  10  12  15   3   0   5  11  14  18  18  19  25   9   4  14  22 
 18  23  13  14  11  15  16  10  13  14  16   8   9   8  13  15  18   6   3   0   6   9  19  21  22  28  12   7   9  25 
 22  27  17  18  15  19  20  14  17  18  20  12  13  12  17  19  22  10   7   4   0  13  23  25  26  32  16  11  13  29 
 25  30  20  21  18  22  23  17  20  21  23  15  16  15  20  22  25  13  10   7  13   0  26  28  29  35  19  14  16  32 
 24  29  21  18  15  12   9  13   8   5   3  16  17  20  25  27  30  20  23  23  29  32   0  25  26  32  10  22  12  31 
 15  20  22   9  14  18  23  18  21  22  26  21  18  21  26  28  31  25  28  33  39  42  29   0   1   7  23  27  35  22 
 18  23  25  12  17  21  26  21  24  25  29  24  21  24  29  31  34  28  31  36  42  45  32   3   0  10  26  30  38  25 
 22  27  29  16  21  25  30  25  28  29  33  28  25  28  33  35  38  32  35  40  46  49  36   7   8   0  30  34  42  29 
 14  19  11   8   5   7   4   3   1   2   6   6   7  10  15  17  20  10  13  18  24  27   9  15  16  22   0  12  15  21 
 13  18   8   9   6  10  11   5   8   9  13   3   4   3   8  10  13   1   2   7  13  16  16  16  17  23   7   0  16  20 
 28  33  24  22  19  16  13  17  12   9   7  19  20  19  24  26  29  17  14  11  17  20  10  29  30  36  14  18   0  35 
  4   1  11   8  13  17  22  17  20  21  25  20  17  20  21  17  26  24  27  32  38  41  28  15  16  22  22  26  34   0 
