Il grafo del territorio consta di 30 paesi.
Le strade che connettono i paesi sono le seguenti:
(origine, destinazione, lunghezza)

1 2 5
2 1 3
1 3 7
3 1 5
1 4 4
4 1 6
2 30 2
30 2 1
3 13 6
13 3 4
3 16 6
16 3 4
4 5 5
5 4 3
4 6 9
6 4 11
4 24 7
24 4 9
5 6 4
6 5 6
5 8 4
8 5 2
5 13 4
13 5 2
6 7 5
7 6 3
7 9 5
9 7 3
7 10 6
10 7 4
8 9 3
9 8 5
8 12 4
12 8 2
8 13 4
13 8 2
8 27 5
27 8 3
9 10 1
10 9 3
9 27 2
27 9 1
10 11 4
11 10 2
11 23 3
23 11 3
11 29 9
29 11 7
12 13 1
13 12 3
12 18 4
18 12 2
12 19 11
19 12 9
12 27 4
27 12 6
13 14 3
14 13 1
14 15 5
15 14 3
14 18 4
18 14 2
15 16 2
16 15 4
15 17 5
17 15 3
18 19 3
19 18 3
18 28 2
28 18 1
19 20 5
20 19 3
19 28 4
28 19 2
20 21 6
21 20 4
20 22 9
22 20 7
20 29 9
29 20 11
24 25 1
25 24 3
24 26 7
26 24 7
27 29 16
29 27 14

I pulmini sono 20 ed i loro percorsi, tutti con 6 tappe, 
sono i seguenti:

30 13 19 22 23  7
17 14  5 24 25 26
 4 11 23 20 22 21
 8 12 13  5  6  9
 1  6 10 29 19 15
 1  4  6  5 13  3
 3 16 15 17 14 13
28 19 12 13 14 18
27 29 23  7  6  5
 9  8  5  4  6  7
17 12  9 23 20 22
26  4  8 10 11 23
30  2  1 20 21 22
25 24  4 13 20 22
26 24  4 12 20 21
23 11  8 14 15 16
23 11 10  1  2 30
23 11 29  3  2 30
28 18 16  3 27  9
 9 27 13 18 28 29 
